101000000
000010011
100111101
011000111
100001010
001100111
010110000
000010111
100001111
001100111
010100000
000010111
100111111
011001011
011011011
100100000
001011011
001111011
011011000
110011011
011001011
100111110
011001111
000101011
110011011
011011011
100000001
000110011
100000001
001000111
100000000
001100111
010010111
110011011
011001011
011001101
001011011
001111011
011011000
000011011
100111110
011001111
000101011
110011011
011011011
100000001
000110111
000110011
110000000
001100011
010010111
000000000
