101001001
011000011
100100000
000010111
001010001
110010110
011010011
101000000
011000011
100100000
001010011
110111110
011010011
111001000
000010111
011001001
110100000
011010111
100000000
000010111
000100010
100000001
000110111
100001010
001100111
010010001
110100000
011000111
100000001
000110111
110010110
011001011
001100010
010010101
100000001
001000111
011000001
110010110
011010011
110111110
000011011
011000110
000100100
100000001
000111011
011010110
111111110
001101011
010010010
100000000
000010011
101000000
000010111
000110100
011000101
110111110
000011011
000111000
011001010
001010110
011010100
100000001
000110011
101000000
001100011
010010110
000000000
